01
18030003
18030009
18030001
18030002
18030004
18030005
18030006
18030007
18030012
18030010
02
18040001
18040002
18040003
18040007
18040008
18040010
18040011
18040013
18040051
18040009
18040012
18040006
18040014
03
18010211
04
18020162
18020002
18020003
18020122
18020123
18020001
18020004
18020005
18020104
18020111
18020115
18020116
18020121
18020125
18020126
18020128
18020129
18020151
18020152
18020153
18020154
18020155
18020156
18020157
18020158
18020159
18020161
18020163